	x	y	cell_type
0	4.285865115582193	5.182113121585616	CD4+_T_Helper2
1	2.2900312078588936	-1.231413627800745	CD4+/CD45RA+/CD25-_Naive_T
2	0.8985962183285245	6.844429551027326	CD4+_T_Helper2
3	-2.38736287703859	-6.452136760652381	CD56+_NK
4	-4.680218767654142	-5.187529715092461	CD56+_NK
5	-0.8499187097969961	-5.371683045317657	CD56+_NK
6	2.465723230582049	4.08092070715489	CD4+_T_Helper2
7	-0.6265220674355467	2.5223157112785843	CD4+_T_Helper2
8	-1.5401204418668626	-1.309693002665807	CD56+_NK
9	1.625273188277028	1.2329827209864601	CD4+/CD45RA+/CD25-_Naive_T
10	4.1830241397098735	4.7036012989786915	CD4+_T_Helper2
11	2.0371950959476015	-0.6710491820295709	CD4+_T_Helper2
12	0.9762525215300576	6.210617506807646	CD4+_T_Helper2
13	-2.9909405338676427	-6.44119209883714	CD56+_NK
14	-4.64889986940883	-5.815266262987028	CD56+_NK
15	-1.2734277487499377	-6.009859824292932	CD56+_NK
16	1.9048541529012801	4.479559713332688	CD4+_T_Helper2
17	-0.08412595614177101	1.7229527868263896	CD4+_T_Helper2
18	-0.7920489817976468	-1.441670456089462	CD56+_NK
19	0.9729202124226892	1.305771159601547	CD4+_T_Helper2
20	3.632494164780652	5.895145869268532	CD4+_T_Helper2
21	1.6087256242916346	-1.377431187127259	CD56+_NK
22	1.4539890704258935	6.949781344271914	CD4+_T_Helper2
23	-2.706214259022952	-5.737574977112534	CD56+_NK
24	-4.417673318445718	-4.601683721953705	CD56+_NK
25	-1.5394429257074471	-5.4987769219907205	CD56+_NK
26	1.7166041354725947	5.0543583413776005	CD4+_T_Helper2
27	0.10910955521632172	2.250632353843497	CD4+_T_Helper2
28	-1.2433172941055077	-1.8675164522429313	CD56+_NK
29	0.425405277539728	0.8645444908539083	CD4+_T_Helper2
30	3.2534596469439894	4.970844527597258	CD4+_T_Helper2
31	1.6635236027110036	-0.929100136828559	CD4+/CD45RA+/CD25-_Naive_T
32	1.4614738012007724	5.929139701973812	CD4+_T_Helper2
33	-2.2184576419915034	-6.937274103706509	CD56+_NK
34	-3.9966545634752606	-5.134608811973015	CD56+_NK
35	-1.124311710714438	-4.881699681503759	CD56+_NK
36	1.6728646918200933	3.6312087149401107	CD4+_T_Helper2
37	-0.9384417726059525	2.1399972903334374	CD4+/CD45RA+/CD25-_Naive_T
38	-0.8434623557491019	-0.6070152157183508	CD56+_NK
39	1.328806290521761	1.453098743174762	CD4+_T_Helper2
40	2.726450315208547	5.384947008762072	CD4+_T_Helper2
41	2.407329338223756	-0.3939968907029343	CD4+_T_Helper2
42	0.42267380721160813	6.276362001972838	CD4+_T_Helper2
43	-3.298493549636932	-6.17504878114025	CD56+_NK
44	-4.198182634686353	-5.560424488998393	CD56+_NK
45	-0.6894117808760274	-5.352481829286268	CD56+_NK
46	1.5805343285247815	4.401645434399395	CD4+_T_Helper2
47	-0.6586007354143371	1.8320182527558075	CD4+_T_Helper2
48	-0.5860613217175444	-0.9229690351951996	CD56+_NK
49	1.229133084673712	0.5901078581407969	CD4+_T_Helper2
